# Elastic Modulus (MPa)
  1.683e5   1.221e5   1.221e5     0.0     0.0     0.0
  1.221e5   1.683e5   1.221e5     0.0     0.0     0.0
  1.221e5   1.221e5   1.683e5     0.0     0.0     0.0
    0.0     0.0     0.0     0.757e5   0.0e5     0.0e5
    0.0     0.0     0.0     0.0e5     0.757e5   0.0e5
    0.0     0.0     0.0     0.0e5     0.0e5     0.757e5
# Hardening Law (0: Voce Hardening, 1: Dislocation Density Hardening, 2: Dislocation Velocity Model)
0
# Lattice Vectors (Angstrom)
3.61  0      0
0     3.61   0
0     0      3.61
# Orientation
0.57763235 0.57706805 0.57735027
-0.78857177 0.21171026 0.57735027
0.21093942 -0.78877831 0.57735027
# Slip System: FCC{111}<1-10>
12
 1  1  1        0  1 -1    
 1  1  1        1  0 -1    
 1  1  1        1 -1  0    
-1  1  1        0  1 -1    
-1  1  1        1  0  1    
-1  1  1        1  1  0    
-1 -1  1        0  1  1    
-1 -1  1        1  0  1    
-1 -1  1        1 -1  0    
 1 -1  1        0  1  1    
 1 -1  1        1  0 -1    
 1 -1  1        1  1  0  
20 20 100 0
