 1  1  1        0  0.5 -0.5    200 100 2000 0
 1  1  1        0.5  0 -0.5    200 100 2000 0
 1  1  1        0.5 -0.5  0    200 100 2000 0
-1  1  1        0  0.5 -0.5    200 100 2000 0
-1  1  1        0.5  0  0.5    200 100 2000 0
-1  1  1        0.5  0.5  0    200 100 2000 0
-1 -1  1        0  0.5  0.5    200 100 2000 0
-1 -1  1        0.5  0  0.5    200 100 2000 0
-1 -1  1        0.5 -0.5  0    200 100 2000 0
 1 -1  1        0  0.5  0.5    200 100 2000 0
 1 -1  1        0.5  0 -0.5    200 100 2000 0
 1 -1  1        0.5  0.5  0    200 100 2000 0