 1  1  1        0  0.5 -0.5   8e12 0.8 0.1 1e-19 0.7 8 3e3 45 1.5E9 100
 1  1  1        0.5  0 -0.5   8e12 0.8 0.1 1e-19 0.7 8 3e3 45 1.5E9 100
 1  1  1        0.5 -0.5  0   8e12 0.8 0.1 1e-19 0.7 8 3e3 45 1.5E9 100
-1  1  1        0  0.5 -0.5   8e12 0.8 0.1 1e-19 0.7 8 3e3 45 1.5E9 100
-1  1  1        0.5  0  0.5   8e12 0.8 0.1 1e-19 0.7 8 3e3 45 1.5E9 100
-1  1  1        0.5  0.5  0   8e12 0.8 0.1 1e-19 0.7 8 3e3 45 1.5E9 100
-1 -1  1        0  0.5  0.5   8e12 0.8 0.1 1e-19 0.7 8 3e3 45 1.5E9 100
-1 -1  1        0.5  0  0.5   8e12 0.8 0.1 1e-19 0.7 8 3e3 45 1.5E9 100
-1 -1  1        0.5 -0.5  0   8e12 0.8 0.1 1e-19 0.7 8 3e3 45 1.5E9 100
 1 -1  1        0  0.5  0.5   8e12 0.8 0.1 1e-19 0.7 8 3e3 45 1.5E9 100
 1 -1  1        0.5  0 -0.5   8e12 0.8 0.1 1e-19 0.7 8 3e3 45 1.5E9 100
 1 -1  1        0.5  0.5  0   8e12 0.8 0.1 1e-19 0.7 8 3e3 45 1.5E9 100