# Elastic Modulus (MPa)
  1.683e5   1.221e5   1.221e5     0.0     0.0     0.0
  1.221e5   1.683e5   1.221e5     0.0     0.0     0.0
  1.221e5   1.221e5   1.683e5     0.0     0.0     0.0
    0.0     0.0     0.0     0.757e5   0.0e5     0.0e5
    0.0     0.0     0.0     0.0e5     0.757e5   0.0e5
    0.0     0.0     0.0     0.0e5     0.0e5     0.757e5
# Hardening Law (0: Voce Hardening, 1: Dislocation Density Hardening, 2: Dislocation Velocity Model)
2
# Lattice Vectors (Angstrom)
3.61  0      0
0     3.61   0
0     0      3.61
# Orientation
0.707 -0.707 0
-0.408 -0.408 0.816
-0.707 -0.707 0
# Slip System: FCC{111}<1-10>
12
 1  1  1        0  1 -1    
 1  1  1        1  0 -1    
 1  1  1        1 -1  0    
-1  1  1        0  1 -1    
-1  1  1        1  0  1    
-1  1  1        1  1  0    
-1 -1  1        0  1  1    
-1 -1  1        1  0  1    
-1 -1  1        1 -1  0    
 1 -1  1        0  1  1    
 1 -1  1        1  0 -1    
 1 -1  1        1  1  0  
1.5e14 7.98e13 6.5 1e-4 500 1 4 4660 0.5 0.13 1.13e9 12 0