# Elastic Modulus (MPa)
  0.595e5   0.261e5   0.218e5     0.0     0.0     0.0
  0.261e5   0.595e5   0.218e5     0.0     0.0     0.0
  0.218e5   0.218e5   0.656e5     0.0     0.0     0.0
    0.0     0.0     0.0     0.163e5   0.0e5     0.0e5
    0.0     0.0     0.0     0.0e5     0.163e5   0.0e5
    0.0     0.0     0.0     0.0e5     0.0e5     0.163e5
# Hardening Law (0: Voce Hardening, 1: Dislocation Density Hardening, 2: Dislocation Velocity Model)
1
# Lattice Vectors (Angstrom)
3.88  0      0
0     3.88   0
0     0      3.88
# Slip System: FCC{111}<1-10>
12
 1  1  1        0  0.5 -0.5    
 1  1  1        0.5  0 -0.5    
 1  1  1        0.5 -0.5  0    
-1  1  1        0  0.5 -0.5    
-1  1  1        0.5  0  0.5    
-1  1  1        0.5  0.5  0    
-1 -1  1        0  0.5  0.5    
-1 -1  1        0.5  0  0.5    
-1 -1  1        0.5 -0.5  0    
 1 -1  1        0  0.5  0.5    
 1 -1  1        0.5  0 -0.5    
 1 -1  1        0.5  0.5  0  
60.5 5e12 1e5 2e8 1e7 1.5e-3 900 450.