# Elastic Modulus (MPa)
  0.595e5   0.261e5   0.218e5     0.0     0.0     0.0
  0.261e5   0.595e5   0.218e5     0.0     0.0     0.0
  0.218e5   0.218e5   0.656e5     0.0     0.0     0.0
    0.0     0.0     0.0     0.163e5   0.0e5     0.0e5
    0.0     0.0     0.0     0.0e5     0.163e5   0.0e5
    0.0     0.0     0.0     0.0e5     0.0e5     0.163e5
# Hardening Law (0: Voce Hardening, 1: Dislocation Density Hardening, 2: Dislocation Velocity Model)
2
# Lattice Vectors (Angstrom)
3.88  0      0
0     3.88   0
0     0      3.88
# Slip System: FCC{111}<1-10>
12
 1  1  1        0  0.5 -0.5    
 1  1  1        0.5  0 -0.5    
 1  1  1        0.5 -0.5  0    
-1  1  1        0  0.5 -0.5    
-1  1  1        0.5  0  0.5    
-1  1  1        0.5  0.5  0    
-1 -1  1        0  0.5  0.5    
-1 -1  1        0.5  0  0.5    
-1 -1  1        0.5 -0.5  0    
 1 -1  1        0  0.5  0.5    
 1 -1  1        0.5  0 -0.5    
 1 -1  1        0.5  0.5  0  
8e12 0.8 0.1 1e-19 0.7 8 3e3 45 1.5E9 100