 # Elastic Modulus (MPa)
  1.683e5   1.221e5   1.221e5     0.0     0.0     0.0
  1.221e5   1.683e5   1.221e5     0.0     0.0     0.0
  1.221e5   1.221e5   1.683e5     0.0     0.0     0.0
    0.0     0.0     0.0     0.757e5   0.0e5     0.0e5
    0.0     0.0     0.0     0.0e5     0.757e5   0.0e5
    0.0     0.0     0.0     0.0e5     0.0e5     0.757e5
# Hardening Law (0: Voce Hardening, 1: Dislocation Velocity Model)
0
# Lattice Vectors (Angstrom)
3.61  0      0
0     3.61   0
0     0      3.61
# Euler
0 0 0
# Slip System: FCC{111}<1-10>
12
 1  1  1        0  0.5 -0.5    
 1  1  1        0.5  0 -0.5    
 1  1  1        0.5 -0.5  0    
-1  1  1        0  0.5 -0.5    
-1  1  1        0.5  0  0.5    
-1  1  1        0.5  0.5  0    
 1 -1  1        0  0.5  0.5    
 1 -1  1        0.5  0 -0.5    
 1 -1  1        0.5  0.5  0   
 1  1 -1        0  0.5  0.5    
 1  1 -1        0.5  0  0.5   1.0 
 1  1 -1        0.5 -0.5  0    
 40 12 70 20
#t0, t1, h0, h1
 1 1 1 1 1
#N HL CJ GJ SJ
